t,ra,dec,distance,age,group_name,x,y,z
-50.204081632653065,206.48723619807424,-62.26507009729059,10425.98737923379,44.668359215096345,ASCC_123,6593.341918597138,-8076.442917988677,-11.178948187528476
-50.204081632653065,207.49514628567093,-62.436490263744645,10019.90093119564,18.197008586099827,ASCC_127,6393.065142205318,-7715.166524553398,-57.77765056817725
-50.204081632653065,203.77769226437928,-61.93077041343269,10563.151912505567,13.489628825916531,ASCC_16,6509.651710644172,-8318.40666661369,93.39947330873656
-50.204081632653065,205.01456191490587,-61.8642605665379,10460.241076167813,10.471285480508984,ASCC_19,6530.061261020861,-8171.146323587596,85.5047214131182
-50.204081632653065,203.50399594640058,-61.995979920518096,10537.143018396147,8.912509381337458,ASCC_21,6473.701302516146,-8313.561278853036,85.2836367122809
-50.204081632653065,208.64819079348032,-61.56030124891197,10606.51580677007,25.118864315095824,ASCC_32,6870.937290891304,-8079.7925840758035,73.14439292453699
-50.204081632653065,207.2053263241605,-61.85131603707795,10595.91652364127,24.54708915685029,Collinder_132,6760.379185845795,-8158.935129203603,49.97796518840369
-50.204081632653065,205.83009929427863,-62.28553896512863,10682.439753115043,26.30267991895381,Collinder_135,6711.606429212217,-8310.766861567758,-3.520079120290575
-50.204081632653065,205.27831120656234,-62.336094800040925,10695.149981383809,26.915348039269134,Collinder_140,6681.570185374254,-8351.217952963172,-3.418233102153863
-50.204081632653065,207.4942555309142,-61.76098943133332,10568.692961431447,12.589254117941664,Collinder_69,6764.709449534517,-8119.8718292073645,60.48515217533895
-50.204081632653065,208.96701027442845,-61.52423654926617,10591.144953972596,16.595869074375596,Gulliver_6,6882.941842846671,-8049.359425914015,72.63509137355504
-50.204081632653065,204.1308319178804,-62.07024887509007,10569.340522224626,11.748975549395302,IC_348,6533.8440700424835,-8307.580175002897,62.867948980384426
-50.204081632653065,206.8716881127003,-61.90352499440576,10430.519057916146,11.481536214968816,NGC_1333,6631.723758429914,-8050.704115076027,46.16341545033265
-50.204081632653065,207.75262322786477,-61.5439126999185,10521.103570821211,13.182567385564074,NGC_1980,6757.864094656793,-8063.254387617281,93.92500554160506
-50.204081632653065,207.66569454058597,-62.15271915881136,10483.017331736466,17.78279410038923,NGC_2232,6708.558753268644,-8055.353423456796,-13.155023095073375
-50.204081632653065,206.4048279108128,-62.31373824588067,10665.039474900736,40.7380277804113,NGC_2451B,6737.637757405048,-8267.221474223754,-18.80285389150231
-50.204081632653065,205.91385365954653,-62.237848228685785,10622.273671942512,32.35936569296281,NGC_2547,6680.689566992041,-8258.393977007303,3.7137119233702833
-50.204081632653065,203.7395816593977,-62.37782311300944,9919.73296007535,21.87761623949552,NGC_7039,6100.714570833678,-7821.90777781798,11.934811832757987
-50.204081632653065,204.30941983009427,-62.042337373432794,10269.774819483397,97.72372209558112,NGC_7063,6360.937289464793,-8062.427327149193,63.38167581729158
-50.204081632653065,207.0990188768017,-62.26540201413543,10435.905954526996,34.673685045253166,RSG_5,6638.752820458661,-8051.993170650054,-22.362030074383256
-50.204081632653065,204.93184977660545,-62.519385523381345,10022.386829195315,38.904514499428046,RSG_7,6234.977888351948,-7846.809831007599,-29.39322698256683
-50.204081632653065,206.12713754791238,-62.38872816671937,10055.353632813114,26.915348039269134,RSG_8,6333.179671726431,-7810.268824661696,-25.93864060722899
-50.204081632653065,204.93142124283594,-61.864596453583104,10432.613447917382,18.620871366628656,UBC_17a,6507.3185382506,-8153.940000825876,86.5520556563024
-50.204081632653065,208.81118230830202,-61.54472853490194,10589.46994413288,11.481536214968816,UBC_17b,6871.028013374983,-8057.333100048694,72.32601170745784
-50.204081632653065,208.58093866777597,-61.467116866224245,10568.613419377521,15.13561248436207,UBC_207,6845.083679833684,-8051.840758462852,90.991343970255
-50.204081632653065,204.65145745119855,-62.03618176591217,10612.885523641833,26.30267991895381,UBC_31,6596.548559115016,-8313.550932385446,61.29551204647578
-50.204081632653065,206.02202517330954,-62.21732061512617,10670.610428060738,31.622776601683796,UBC_7,6718.834441854044,-8289.702015859095,5.5802021574763785
-50.204081632653065,203.92789613765117,-62.02767107631645,9982.983909603523,70.79457843841374,UPK_185,6159.491182151385,-7855.940403594564,69.544888903833
-50.204081632653065,203.21984074018184,-62.09913049536262,10497.17249730711,11.748975549395302,UPK_385,6427.772111164476,-8298.761235446336,70.27148931216016
-50.204081632653065,201.4807980645377,-62.21774800766264,10439.121382990525,19.49844599758045,UPK_422,6273.346073781082,-8343.58754433912,70.22234213229513
-50.204081632653065,206.46095399525007,-62.40753427192449,10651.218371749583,33.113112148259084,UPK_535,6729.722532902143,-8255.781619238785,-36.841393622129544
-50.204081632653065,205.46166428404908,-61.78422376142723,10700.682384773354,37.15352290971728,UPK_540,6712.536599901345,-8332.916827794263,94.62048323086674
