t,ra,dec,distance,age,group_name,x,y,z
-50.204081632653065,217.19043021876027,-60.713386312954384,10270.421519711046,74.13102413009177,ASCC_105,7206.200689471652,-7317.931596662424,-10.34225177383587
-50.204081632653065,217.68313217566367,-60.90702568603675,10656.683045252848,52.48074602497723,ASCC_58,7497.159114350299,-7573.229850952317,-60.731916967064535
-50.204081632653065,219.7410144515904,-60.0317456275844,11074.651445850926,18.620871366628656,ASCC_79,7964.440828589764,-7695.148327774576,16.70773858249595
-50.204081632653065,216.47372153239408,-61.109647988379905,10299.245512663525,70.79457843841374,ASCC_85,7166.128832960952,-7397.170093446393,-54.13213599818255
-50.204081632653065,222.42780875173355,-59.814660388318586,10597.975382080256,83.17637711026708,ASCC_87,7788.248667685066,-7187.316416366681,-52.417749922225994
-50.204081632653065,219.94092846543134,-59.38577193700519,10233.12400793358,91.20108393559096,Alessi_10,7402.47959087878,-7064.502289562799,113.71134126269908
-50.204081632653065,212.94788364299694,-60.975973568720455,10126.837774610542,35.481338923357534,Alessi_13,6844.672931148469,-7463.145218454856,68.9871519690414
-50.204081632653065,214.91133883779654,-61.73230037288772,9936.34180115571,25.70395782768865,Alessi_19,6798.281465815829,-7245.855530978363,-108.78936128825126
-50.204081632653065,209.416013260783,-61.84048099499037,9993.78391614933,9.332543007969903,Alessi_20,6511.71093671618,-7581.114929705704,5.836259864692693
-50.204081632653065,214.99293097395153,-61.271264801527686,10731.82477929547,66.06934480075964,Alessi_21,7368.9816866628025,-7801.838528221048,-38.56908987909446
-50.204081632653065,214.14535703583178,-61.04027464620001,10176.790112806184,72.44359600749905,Alessi_24,6947.752183003804,-7436.068631019081,26.07524591539095
-50.204081632653065,212.11020730692854,-61.71848296097767,10793.955759165836,11.481536214968816,Alessi_43,7211.206576731972,-8031.59963842418,-37.25434996651438
-50.204081632653065,218.26670354394795,-60.616103596313835,10558.914617057224,67.60829753919819,Alessi_5,7477.26686569062,-7455.215308934128,-30.377738297421274
-50.204081632653065,223.637930905809,-59.02777911237751,10743.740819122433,87.09635899560814,Alessi_Teutsch_12,8009.232992880289,-7160.964644853888,27.18472710984406
-50.204081632653065,216.91606642847304,-60.8876017207838,10731.174542519437,32.35936569296281,BH_164,7504.304191392854,-7670.886444143477,-32.04412764767494
-50.204081632653065,215.0056278200757,-60.954762974922936,10564.862748581809,28.84031503126605,BH_23,7269.3666229524815,-7666.313142689604,16.63116654494752
-50.204081632653065,212.9615142351966,-61.39297186153845,10930.00125258601,17.78279410038923,BH_56,7370.633739491821,-8070.853913728124,-1.6622442389098069
-50.204081632653065,217.5680611732297,-60.96766388467624,10621.18455478074,95.49925860214368,BH_99,7462.339922494521,-7557.681012932881,-67.09645751622611
-50.204081632653065,215.64640156755533,-61.154568662123,10645.420128083408,14.125375446227554,Collinder_197,7354.859440998436,-7696.076101971003,-37.748367253932884
-50.204081632653065,215.5842843068265,-61.89678022176459,9975.50540875148,37.15352290971728,Collinder_359,6855.4876141065415,-7244.929190258696,-154.91533493917268
-50.204081632653065,212.79837188550712,-60.968594459869045,9928.092281623303,91.20108393559096,Collinder_394,6701.7759994475255,-7324.474889544703,72.68010791424831
-50.204081632653065,211.71914190911357,-61.3901746322616,10464.13338939075,9.332543007969903,Gulliver_10,6979.6048050528825,-7796.296207111783,31.141727946086576
-50.204081632653065,214.76441671886056,-60.829019913848,10444.526053920259,17.78279410038923,Gulliver_9,7177.4231982616,-7587.534431486553,45.188218390941074
-50.204081632653065,216.4937714525459,-60.798738079363844,10629.18559130602,20.41737944669528,Haffner_13,7411.770777930887,-7618.742243751746,-2.625473266390145
-50.204081632653065,215.94634792852887,-60.816338334936894,10650.877189246872,28.84031503126605,IC_2391,7392.70302362558,-7667.397675314709,11.823429076456705
-50.204081632653065,211.2274833800203,-61.5004746319769,10317.12820162385,20.41737944669528,IC_2395,6847.061545730316,-7717.53339174445,23.682589231575548
-50.204081632653065,211.2288770449894,-61.365858354700926,10079.768172696973,36.3078054770101,IC_2602,6694.534873031727,-7535.438159462361,45.83660104568162
-50.204081632653065,215.98268252802202,-61.484944709382916,10185.768149585587,33.113112148259084,IC_4665,7041.697923402848,-7358.949009205038,-101.15647570156489
-50.204081632653065,214.12437955255714,-61.18813923001085,10011.895918887622,51.28613839913648,Melotte_20,6827.875506320001,-7322.443091230999,1.7710215721826899
-50.204081632653065,212.3735801861471,-61.711192628251936,9750.67472253906,77.62471166286912,Melotte_22,6529.557216393789,-7241.480456722659,-38.74141847880628
-50.204081632653065,210.54988123940987,-61.30961126276775,10462.376445483867,97.72372209558112,NGC_1977,6907.828513736397,-7857.33892964074,73.83127100425554
-50.204081632653065,216.6789644346861,-61.04017577231206,10703.256548420799,35.481338923357534,NGC_2451A,7463.012857727005,-7672.063712923229,-50.77609241296159
-50.204081632653065,217.94357026314495,-61.30225336282031,10584.82938852146,30.19951720402019,NGC_3228,7441.936865430707,-7525.788760062945,-136.72020319307285
-50.204081632653065,218.7680170742752,-59.7868180444936,10990.062643470337,100.0,NGC_6087,7856.366997193708,-7684.374707065148,96.74644295849703
-50.204081632653065,223.66077263924,-59.16156561388096,11420.941295226912,23.988329190194897,NGC_6250,8507.38479921677,-7619.861363172649,4.093055517191715
-50.204081632653065,218.22390543557754,-60.30522397374323,10633.620996840886,34.673685045253166,NGC_6405,7543.15781517205,-7494.93685283386,24.233280773211845
-50.204081632653065,213.59850125954017,-60.848887996025454,9958.650640935453,97.72372209558112,NGC_6716,6774.426482047903,-7299.09015757586,71.77255123914392
-50.204081632653065,215.90969973101045,-60.9118827676296,10150.637374380705,40.7380277804113,NGC_7058,7039.108955285344,-7313.437769985734,-3.4937575964140706
-50.204081632653065,210.96307229519908,-61.83674728255354,10806.991775964285,10.0,Pismis_5,7141.888765465802,-8110.710496484821,-29.51863282672184
-50.204081632653065,213.61974832059218,-61.149303606375376,10066.070494491445,30.19951720402019,Platais_8,6836.714443552004,-7388.141284160103,21.89024183894935
-50.204081632653065,216.33372799687578,-60.87411628434623,10594.709453536714,50.118723362727245,Platais_9,7374.501621070099,-7606.870820565307,-10.514985819224421
-50.204081632653065,210.88782915752935,-61.373348316790825,10597.613683532876,9.549925860214367,Pozzo_1,7016.421007621649,-7942.052512942786,55.26220107836798
-50.204081632653065,216.04348678785243,-60.88038556141113,10196.439338271637,97.72372209558112,Roslund_5,7080.094539521174,-7337.549398944963,-2.3040265142603857
-50.204081632653065,210.07095785738116,-61.84521357749745,10539.037931022853,89.12509381337459,Roslund_6,6908.379702022902,-7958.990036754862,-9.380781056383967
-50.204081632653065,212.44043677210374,-62.042266872373965,10080.645761981765,28.183829312644548,Stephenson_1,6741.3057721369,-7494.314274694723,-97.30887534800195
-50.204081632653065,216.98246945016166,-61.166585930274145,10540.211574590034,37.15352290971728,Teutsch_38,7361.184841393883,-7543.366985806177,-81.43884456489104
-50.204081632653065,217.12483955749065,-60.97338449980453,10668.137332146918,32.35936569296281,Trumpler_10,7468.570921531931,-7617.527711496197,-53.61056035794081
-50.204081632653065,214.05130308083633,-61.55779882756438,9901.952399040929,69.18309709189363,UBC_1,6733.515878067159,-7259.834832211649,-56.77536170120675
-50.204081632653065,214.48623797226543,-60.95482620424353,11324.083907604603,67.60829753919819,UBC_11,7757.551365634834,-8249.490488296486,34.34879200832438
-50.204081632653065,219.64905142765673,-59.5694551101133,10497.085486330883,52.48074602497723,UBC_14,7566.994296031295,-7274.615520498785,96.79907069033197
-50.204081632653065,213.39664183762383,-62.08600369714064,10130.434769199133,35.481338923357534,UBC_26,6828.507130171313,-7482.009937252578,-129.33013976593384
-50.204081632653065,214.31342171393013,-61.81368729629099,10095.575374601656,26.30267991895381,UBC_9,6869.402842270952,-7397.32124027249,-107.63458123017199
-50.204081632653065,211.306553772674,-61.3689316942381,9813.92964867327,40.7380277804113,UPK_108,6522.445870067924,-7332.743220134209,42.33070656012114
-50.204081632653065,214.53341167126325,-60.85559272006036,10030.707133469472,48.97788193684466,UPK_113,6878.401707330405,-7300.726252191976,45.51637710163004
-50.204081632653065,219.83152096971796,-60.39455311581592,10693.139187571298,72.44359600749905,UPK_502,7676.3610157816665,-7444.0771670265485,-49.21759354581536
-50.204081632653065,221.8128988196218,-60.44120151584172,11235.03426536653,100.0,UPK_508,8182.577368741594,-7697.519432839606,-140.06116369123538
-50.204081632653065,213.1057676087257,-61.063423967272826,10823.158328557507,30.90295432513592,UPK_526,7321.790042237001,-7970.525486635388,53.5747078249633
-50.204081632653065,211.94680532901842,-61.60869478628165,9999.190190066192,89.12509381337459,UPK_533,6674.808453606661,-7445.172055688687,-12.232169444800093
-50.204081632653065,212.48256823201072,-61.59201949647963,9967.06581271985,79.43282347242821,UPK_545,6685.46372385601,-7392.325049268366,-22.496178643471467
-50.204081632653065,221.9589307318018,-59.523689233431654,11773.707594558755,97.72372209558112,UPK_562,8640.342711392463,-7997.773843765619,16.789753901911354
-50.204081632653065,218.67876349664402,-59.630020399533244,11504.448949931399,77.62471166286912,UPK_585,8226.566186853051,-8041.023131440063,133.79616791798435
-50.204081632653065,224.40889761011996,-60.04456077772011,11132.697880597327,19.49844599758045,UPK_599,8282.374363539295,-7436.804066039657,-182.1600564868604
-50.204081632653065,217.7768221499967,-60.02436493007742,10769.82706359922,69.18309709189363,UPK_605,7626.313172578861,-7603.983256958208,89.22444442826327
-50.204081632653065,212.07741737039515,-60.8975378134735,10242.280498497854,100.0,UPK_612,6872.280065074352,-7593.740039151931,105.77681632544636
-50.204081632653065,220.59148635086666,-60.38799717906532,10892.52560059236,100.0,UPK_614,7864.938376559534,-7535.4989955606,-78.18683000508736
-50.204081632653065,222.67473487496437,-59.58406996602377,11789.924089967477,70.79457843841374,UPK_617,8694.003437677738,-7963.409063510057,-27.025174355319905
-50.204081632653065,214.30967970096964,-61.23670212219781,10423.233468131233,39.81071705534969,UPK_624,7117.525891020568,-7614.754261383227,-11.77542223875571
-50.204081632653065,212.9611515114049,-61.382466499956315,10179.164392819619,25.118864315095824,UPK_640,6864.707693607408,-7516.061199896041,0.23830931413704093
-50.204081632653065,218.2106678075799,-60.43552954994381,10314.154816210288,79.43282347242821,UPK_654,7309.484374083902,-7276.896496038217,2.267977929332119
-50.204081632653065,217.06609470925164,-60.78229872820395,10263.683900048052,81.28305161640996,UPK_82,7191.023722623988,-7323.391744239327,-17.843238829031634
-50.204081632653065,213.02058918091774,-61.53040814845792,9648.120175434959,48.97788193684466,UPK_90,6504.282759293499,-7126.002106563255,-24.953637981354404
